{
 "cells": [
  {
   "cell_type": "markdown",
   "id": "5224b5be",
   "metadata": {},
   "source": [
    "### Objective:\n",
    "Create a code that calculates for a Hessenberg matrix that is similar to an input matrix A using householder reflections.\n",
    "\n",
    "Reference for verifying answers:\n",
    "https://www.wolframalpha.com/input?i=hessenberg+decomposition&assumption=%7B%22F%22%2C+%22HessenbergDecompositionCalculator%22%2C+%22theMatrix%22%7D+-%3E%22%7B%7B5%2C4%2C7%2C2%2C5%7D%2C%7B5%2C3%2C-1%2C2%2C6%7D%2C%7B-3%2C5%2C2%2C3%2C-3%7D%2C%7B3%2C2%2C1%2C4%2C-2%7D%2C+%7B1%2C3%2C-2%2C3%2C-4%7D%7D%22&assumption=%7B%22C%22%2C+%22hessenberg+decomposition%22%7D+-%3E+%7B%22Calculator%22%2C+%22dflt%22%7D"
   ]
  },
  {
   "cell_type": "code",
   "execution_count": 3,
   "id": "8cab5e61",
   "metadata": {},
   "outputs": [],
   "source": [
    "import numpy as np"
   ]
  },
  {
   "cell_type": "code",
   "execution_count": 4,
   "id": "70e6b7ae",
   "metadata": {},
   "outputs": [],
   "source": [
    "def hessenberg(A):\n",
    "    ref = np.copy(A)\n",
    "    row, col = np.shape(ref)\n",
    "    \n",
    "    if row != col:\n",
    "        raise ValueError('Matrix A is not a square matrix.')\n",
    "    \n",
    "    for i in range(row-2):\n",
    "        x = ref[i+1:, i, None]\n",
    "        w = np.zeros_like(x)\n",
    "        w[0] = np.linalg.norm(x)*np.sign(x[0])\n",
    "        v = x + w\n",
    "        P = (v@v.T)/(v.T@v)[0]\n",
    "        H = np.identity(row)\n",
    "        H[i+1:,i+1:] -= 2*P \n",
    "        ref  = H@ref@H\n",
    "    H_round = np.matrix.round(ref,3)\n",
    "    print(f'Eigvalues of H: \\n{np.linalg.eigvals(ref)}')\n",
    "    print(f'Eigvalues of A: \\n{np.linalg.eigvals(A)}')\n",
    "    print(f'Hessenberg Matrix: \\n{H_round}\\n')"
   ]
  },
  {
   "cell_type": "code",
   "execution_count": 26,
   "id": "8a65dff8",
   "metadata": {},
   "outputs": [],
   "source": [
    "def hessenberg_(matrix):\n",
    "    H = np.copy(matrix)\n",
    "    row, col = np.shape(A)\n",
    "    M = np.eye(row)\n",
    "    Minv = np.eye(row)\n",
    "    \n",
    "    if row != col:\n",
    "        raise ValueError('Matrix A is not a square matrix.')\n",
    "    \n",
    "    for i in range(row-2):\n",
    "        x = H[i+1:, i, None]\n",
    "        w = np.zeros_like(x)\n",
    "        w[0] = - np.linalg.norm(x) * np.sign(x[0])\n",
    "        print(f'w:{w}')\n",
    "        u = w - x\n",
    "        print(f'u:{u}')\n",
    "        v = u / np.linalg.norm(u)\n",
    "        print(f'v:{v}')\n",
    "        P = np.eye(row)\n",
    "        P[i+1:,i+1:] = np.eye(len(x)) - 2 * np.outer(v,v)\n",
    "        print(f'P:{P}')\n",
    "        H = P @ H @ P.T\n",
    "        M = P @ M\n",
    "        Minv = P @ Minv\n",
    "        print(f'H:{H}')\n",
    "        print(f'M:{M}')\n",
    "\n",
    "    H = np.matrix.round(H,3)\n",
    "    print(f'Eigvalues of A: \\n{np.linalg.eigvals(matrix)}')\n",
    "    print(f'Eigvalues of H: \\n{np.linalg.eigvals(H)}')\n",
    "    print(f'Hessenberg Matrix: \\n{H}\\n')"
   ]
  },
  {
   "cell_type": "code",
   "execution_count": 31,
   "id": "0d75f0af",
   "metadata": {
    "scrolled": false
   },
   "outputs": [
    {
     "name": "stdout",
     "output_type": "stream",
     "text": [
      "w:[[-2.23606798]\n",
      " [ 0.        ]\n",
      " [ 0.        ]]\n",
      "u:[[-3.23606798]\n",
      " [-2.        ]\n",
      " [ 0.        ]]\n",
      "v:[[-0.85065081]\n",
      " [-0.52573111]\n",
      " [ 0.        ]]\n",
      "P:[[ 1.          0.          0.          0.        ]\n",
      " [ 0.         -0.4472136  -0.89442719  0.        ]\n",
      " [ 0.         -0.89442719  0.4472136   0.        ]\n",
      " [ 0.          0.          0.          1.        ]]\n",
      "H:[[ 1.         -3.13049517  0.4472136   1.        ]\n",
      " [-2.23606798  1.6         3.2        -1.34164079]\n",
      " [ 0.          0.2         0.4        -0.4472136 ]\n",
      " [ 0.         -0.89442719  0.4472136   2.        ]]\n",
      "M:[[ 1.          0.          0.          0.        ]\n",
      " [ 0.         -0.4472136  -0.89442719  0.        ]\n",
      " [ 0.         -0.89442719  0.4472136   0.        ]\n",
      " [ 0.          0.          0.          1.        ]]\n",
      "w:[[-0.91651514]\n",
      " [ 0.        ]]\n",
      "u:[[-1.11651514]\n",
      " [ 0.89442719]]\n",
      "v:[[-0.78045432]\n",
      " [ 0.62521281]]\n",
      "P:[[ 1.          0.          0.          0.        ]\n",
      " [ 0.          1.          0.          0.        ]\n",
      " [ 0.          0.         -0.21821789  0.97590007]\n",
      " [ 0.          0.          0.97590007  0.21821789]]\n",
      "H:[[ 1.00000000e+00 -3.13049517e+00  8.78310066e-01  6.54653671e-01]\n",
      " [-2.23606798e+00  1.60000000e+00 -2.00760459e+00  2.83011021e+00]\n",
      " [ 0.00000000e+00 -9.16515139e-01  1.92380952e+00  7.87947763e-01]\n",
      " [ 0.00000000e+00 -2.44117112e-17 -1.06479427e-01  4.76190476e-01]]\n",
      "M:[[ 1.          0.          0.          0.        ]\n",
      " [ 0.         -0.4472136  -0.89442719  0.        ]\n",
      " [ 0.          0.19518001 -0.09759001  0.97590007]\n",
      " [ 0.         -0.87287156  0.43643578  0.21821789]]\n",
      "Eigvalues of A: \n",
      "[ 4.51464635 -1.48778337  1.46502131  0.50811571]\n",
      "Eigvalues of H: \n",
      "[ 4.51473329 -1.48778979  1.46533766  0.50771884]\n",
      "Hessenberg Matrix: \n",
      "[[ 1.    -3.13   0.878  0.655]\n",
      " [-2.236  1.6   -2.008  2.83 ]\n",
      " [ 0.    -0.917  1.924  0.788]\n",
      " [ 0.    -0.    -0.106  0.476]]\n",
      "\n"
     ]
    }
   ],
   "source": [
    "A = np.array([[1, 1, 3, 1],\n",
    "              [1, 2, 0, 1],\n",
    "              [2, 3, 0, 1],\n",
    "              [0, 0, 1, 2]],float)\n",
    "#hessenberg(A)\n",
    "hessenberg_(A)\n"
   ]
  },
  {
   "cell_type": "code",
   "execution_count": 28,
   "id": "8a3b7a68",
   "metadata": {},
   "outputs": [
    {
     "name": "stdout",
     "output_type": "stream",
     "text": [
      "Eigvalues of H: \n",
      "[12.13382055+0.j         -5.05449196+0.j          0.46249122+4.85736868j\n",
      "  0.46249122-4.85736868j  1.99568898+0.j        ]\n",
      "Eigvalues of A: \n",
      "[12.13382055+0.j         -5.05449196+0.j          0.46249122+4.85736868j\n",
      "  0.46249122-4.85736868j  1.99568898+0.j        ]\n",
      "Hessenberg Matrix: \n",
      "[[ 5.    -1.508 -9.575  0.146  0.128]\n",
      " [-6.633  3.455  1.772  3.691  0.59 ]\n",
      " [-0.     6.683  1.503 -5.285  2.207]\n",
      " [ 0.     0.    -4.046 -2.806  1.415]\n",
      " [ 0.     0.     0.    -4.109  2.848]]\n",
      "\n",
      "w:[[-6.63324958]\n",
      " [ 0.        ]\n",
      " [ 0.        ]\n",
      " [ 0.        ]]\n",
      "u:[[-11.63324958]\n",
      " [  3.        ]\n",
      " [ -3.        ]\n",
      " [ -1.        ]]\n",
      "v:[[-0.93642361]\n",
      " [ 0.24148634]\n",
      " [-0.24148634]\n",
      " [-0.08049545]]\n",
      "P:[[ 1.          0.          0.          0.          0.        ]\n",
      " [ 0.         -0.75377836  0.45226702 -0.45226702 -0.15075567]\n",
      " [ 0.          0.45226702  0.8833687   0.1166313   0.0388771 ]\n",
      " [ 0.         -0.45226702  0.1166313   0.8833687  -0.0388771 ]\n",
      " [ 0.         -0.15075567  0.0388771  -0.0388771   0.98704097]]\n",
      "H:[[ 5.00000000e+00 -1.50755672e+00  8.42029706e+00  5.79702941e-01\n",
      "   4.52656765e+00]\n",
      " [-6.63324958e+00  3.45454545e+00  2.66799408e-01 -1.17133344e+00\n",
      "  -3.95832872e+00]\n",
      " [-4.78783679e-16 -5.82606824e+00  4.43493013e+00  1.05621399e+00\n",
      "  -1.35246922e+00]\n",
      " [ 4.23272528e-16 -5.05669997e-01  2.00307870e+00  2.50577719e+00\n",
      "  -4.79353373e+00]\n",
      " [ 1.11022302e-16 -3.23392200e+00 -2.73415855e-01  1.10970115e+00\n",
      "  -5.39525277e+00]]\n",
      "M:[[ 1.          0.          0.          0.          0.        ]\n",
      " [ 0.         -0.75377836  0.45226702 -0.45226702 -0.15075567]\n",
      " [ 0.          0.45226702  0.8833687   0.1166313   0.0388771 ]\n",
      " [ 0.         -0.45226702  0.1166313   0.8833687  -0.0388771 ]\n",
      " [ 0.         -0.15075567  0.0388771  -0.0388771   0.98704097]]\n",
      "w:[[6.68259117]\n",
      " [0.        ]\n",
      " [0.        ]]\n",
      "u:[[12.50865941]\n",
      " [ 0.50567   ]\n",
      " [ 3.233922  ]]\n",
      "v:[[0.96742641]\n",
      " [0.03910879]\n",
      " [0.25011326]]\n",
      "P:[[ 1.          0.          0.          0.          0.        ]\n",
      " [ 0.          1.          0.          0.          0.        ]\n",
      " [ 0.          0.         -0.87182772 -0.07566975 -0.48393234]\n",
      " [ 0.          0.         -0.07566975  0.99694101 -0.01956325]\n",
      " [ 0.          0.         -0.48393234 -0.01956325  0.87488672]]\n",
      "H:[[ 5.00000000e+00 -1.50755672e+00 -9.57546687e+00 -1.47786519e-01\n",
      "  -1.25961051e-01]\n",
      " [-6.63324958e+00  3.45454545e+00  1.77159468e+00 -1.11050120e+00\n",
      "  -3.56928699e+00]\n",
      " [ 3.31660676e-16  6.68259117e+00  1.50270448e+00 -1.42963686e+00\n",
      "   5.54588591e+00]\n",
      " [ 4.56035223e-16 -5.45678560e-17  5.77620278e-01  2.35245211e+00\n",
      "  -4.85254811e+00]\n",
      " [ 3.20550258e-16 -8.94851989e-16  4.00491331e+00  6.70622462e-01\n",
      "  -2.30970204e+00]]\n",
      "M:[[ 1.          0.          0.          0.          0.        ]\n",
      " [ 0.         -0.75377836  0.45226702 -0.45226702 -0.15075567]\n",
      " [ 0.         -0.28712045 -0.79778467 -0.1497128  -0.50861336]\n",
      " [ 0.         -0.48215719  0.04866968  0.87260158 -0.06100973]\n",
      " [ 0.         -0.34191296 -0.39575931 -0.10773628  0.84549571]]\n",
      "w:[[-4.0463534]\n",
      " [ 0.       ]]\n",
      "u:[[-4.62397367]\n",
      " [-4.00491331]]\n",
      "v:[[-0.75589378]\n",
      " [-0.65469427]]\n",
      "P:[[ 1.          0.          0.          0.          0.        ]\n",
      " [ 0.          1.          0.          0.          0.        ]\n",
      " [ 0.          0.          1.          0.          0.        ]\n",
      " [ 0.          0.          0.         -0.14275082 -0.98975866]\n",
      " [ 0.          0.          0.         -0.98975866  0.14275082]]\n",
      "H:[[ 5.00000000e+00 -1.50755672e+00 -9.57546687e+00  1.45767689e-01\n",
      "   1.28291943e-01]\n",
      " [-6.63324958e+00  3.45454545e+00  1.77159468e+00  3.69125767e+00\n",
      "   5.89609520e-01]\n",
      " [ 3.31660676e-16  6.68259117e+00  1.50270448e+00 -5.28500676e+00\n",
      "   2.20667524e+00]\n",
      " [-3.82366797e-16  8.93477111e-16 -4.04635340e+00 -2.80555713e+00\n",
      "   1.41455136e+00]\n",
      " [-4.05605998e-16 -7.37318499e-17  7.18533627e-16 -4.10861922e+00\n",
      "   2.84830720e+00]]\n",
      "M:[[ 1.          0.          0.          0.          0.        ]\n",
      " [ 0.         -0.75377836  0.45226702 -0.45226702 -0.15075567]\n",
      " [ 0.         -0.28712045 -0.79778467 -0.1497128  -0.50861336]\n",
      " [ 0.          0.40723965  0.38475857 -0.01793167 -0.82812751]\n",
      " [ 0.          0.4284109  -0.1046662  -0.87904441  0.18108011]]\n",
      "Eigvalues of A: \n",
      "[12.13382055+0.j         -5.05449196+0.j          0.46249122+4.85736868j\n",
      "  0.46249122-4.85736868j  1.99568898+0.j        ]\n",
      "Eigvalues of H: \n",
      "[12.13426424+0.j         -5.05440017+0.j          0.46259686+4.85730954j\n",
      "  0.46259686-4.85730954j  1.9949422 +0.j        ]\n",
      "Hessenberg Matrix: \n",
      "[[ 5.    -1.508 -9.575  0.146  0.128]\n",
      " [-6.633  3.455  1.772  3.691  0.59 ]\n",
      " [ 0.     6.683  1.503 -5.285  2.207]\n",
      " [-0.     0.    -4.046 -2.806  1.415]\n",
      " [-0.    -0.     0.    -4.109  2.848]]\n",
      "\n"
     ]
    }
   ],
   "source": [
    "A = np.array([[ 5, 4, 7, 2, 5],\n",
    "              [ 5, 3,-1, 2, 6],\n",
    "              [-3, 5, 2, 3,-3],\n",
    "              [ 3, 2, 1, 4,-2],\n",
    "              [ 1, 3,-2, 3,-4]], float)\n",
    "hessenberg(A)\n",
    "hessenberg_(A)\n"
   ]
  },
  {
   "cell_type": "code",
   "execution_count": 29,
   "id": "7482e9b4",
   "metadata": {},
   "outputs": [
    {
     "name": "stdout",
     "output_type": "stream",
     "text": [
      "[[ 4.  8.  7.]\n",
      " [ 3.  5.  5.]\n",
      " [ 5. 10.  9.]]\n"
     ]
    }
   ],
   "source": [
    "A = np.array([[1,1,0],\n",
    "              [0,2,1],\n",
    "              [1,2,0]],float)\n",
    "P = np.array([[1,2,2],\n",
    "              [0,1,0],\n",
    "              [1,0,1]], float)\n",
    "\n",
    "print(A@P@A.T)"
   ]
  },
  {
   "cell_type": "code",
   "execution_count": null,
   "id": "8b783968",
   "metadata": {},
   "outputs": [],
   "source": []
  }
 ],
 "metadata": {
  "kernelspec": {
   "display_name": "Python 3 (ipykernel)",
   "language": "python",
   "name": "python3"
  },
  "language_info": {
   "codemirror_mode": {
    "name": "ipython",
    "version": 3
   },
   "file_extension": ".py",
   "mimetype": "text/x-python",
   "name": "python",
   "nbconvert_exporter": "python",
   "pygments_lexer": "ipython3",
   "version": "3.10.9"
  }
 },
 "nbformat": 4,
 "nbformat_minor": 5
}
